8
8
8
6
8
8
8
8
8
8
8
8
8
8
8
8
8
8
8
8
8
8
8
8
8
8
8
8
8
8
8
8
8
8
6
6
8
8
8
5
8
8
8
8
5
8
8
8
8
5
8
8
5
8
8
5
8
8
8
8
8
8
5
8
8
8
8
8
8
8
8
8
1
8
8
8
8
8
8
8
8
5
8
8
8
8
8
8
8
8
8
8
8
8
8
8
8
8
8
8
8
8
8
5
1
8
8
1
7
8
8
8
8
8
8
8
8
5
5
5
8
8
8
4
8
8
8
8
8
8
8
8
8
8
8
8
8
5
8
8
1
8
8
8
8
8
8
8
8
1
8
8
8
8
8
8
8
8
8
8
8
8
8
8
8
8
8
8
8
3
3
3
8
3
8
8
8
8
8
8
8
8
8
8
8
8
8
8
8
8
8
8
8
8
3
8
8
8
8
8
8
8
8
8
8
8
8
8
5
5
5
8
8
8
8
1
7
8
8
8
8
8
8
8
1
8
8
8
8
8
8
8
8
8
8
8
8
8
7
7
8
8
8
3
8
8
8
8
3
8
8
8
8
8
8
8
8
8
8
8
8
8
8
8
8
3
8
8
8
8
8
8
8
8
8
8
8
3
8
3
8
3
8
8
8
8
8
8
8
8
8
8
8
8
8
8
3
3
1
1
8
8
8
8
8
8
8
8
8
3
8
8
8
4
8
8
8
8
8
8
8
3
3
8
3
8
8
8
8
8
6
8
8
1
8
8
8
8
5
8
8
8
8
8
8
8
8
8
8
8
1
8
8
8
8
8
8
8
8
8
