8
8
8
8
8
8
8
8
8
8
8
8
8
8
8
8
8
8
8
8
8
8
8
8
8
8
6
6
8
8
8
8
8
8
8
8
5
5
8
8
8
8
8
8
8
8
8
8
5
5
5
5
8
8
8
5
5
8
8
5
5
8
5
5
8
8
8
8
4
4
4
8
8
8
5
5
8
8
8
5
8
8
5
8
5
8
8
5
5
5
5
8
5
8
8
8
8
8
8
8
8
8
8
8
8
8
8
1
8
8
8
8
8
8
8
4
4
8
4
8
8
8
8
8
4
8
8
8
8
8
8
8
8
8
8
8
8
8
8
8
8
8
1
8
1
8
8
1
4
8
4
8
8
3
8
4
8
8
4
8
8
3
7
4
8
8
3
3
8
8
8
8
3
3
8
8
4
8
8
3
2
8
3
8
3
8
8
8
8
8
8
8
8
3
7
8
8
2
4
8
8
8
8
3
3
3
8
8
8
8
8
3
3
3
8
8
4
8
8
8
3
8
8
8
8
8
8
8
3
8
8
3
2
8
8
8
4
8
8
3
3
8
8
8
8
3
3
8
3
3
3
8
8
8
3
3
8
8
8
8
8
8
8
8
8
3
8
8
3
3
8
8
4
8
3
2
8
8
8
8
8
8
8
8
2,3
8
8
8
8
8
8
8
8
8
8
8
8
8
2
2
3
1
8
8
8
8
8
8
8
8
8
8
8
8
8
8
8
8
8
8
1
1
8
8
8
8
8
8
8
8
8
8
